-39, -38, -40, -36, -35, -34, -35, -35, -32, -32, -33, -30, -29, -29, -27, -23, -23, -21, -22, -22, -20, -16, -15, -14, -15, -14, -11, -10, -10,  -7,  -5,  -7,  -5,  -5,  -4,  -2,  -4,  -4,  -4,  -3,  -3,  -5,  -4,  -2,  -2,  -5,  -8,  -6,  -5,  -5,  -9, -10, -11, -12, -12, -16, -45, -57, -57, -61, -63, -66, -66, -68, -70, -74, -72, -78, -76, -78, -79, -79, -82, -84, -86, -85, -83, -83, -86, -86
-36, -39, -36, -37, -36, -35, -33, -34, -34, -31, -29, -30, -27, -27, -24, -25, -22, -22, -21, -16, -16, -13, -13, -13, -12, -11,  -7,  -9,  -6,  -6,  -7,  -6,  -5,  -4,  -2,  -2,  -2,   0,   0,  -1,   0,   0,  -1,  -2,  -1,  -4,  -3,  -6,  -3,  -4,  -6,  -6, -10, -10, -15, -52, -55, -55, -54, -61, -67, -66, -70, -70, -73, -77, -74, -75, -79, -77, -79, -78, -81, -83, -85, -82, -86, -85, -84, -85
-38, -37, -37, -36, -35, -35, -34, -33, -31, -29, -27, -27, -26, -25, -23, -23, -22, -21, -17, -15, -15, -14, -11, -11,  -8,  -7,  -7,  -4,  -6,  -4,  -4,  -5,  -3,   0,  -2,   0,  -1,   0,  -1,   2,  -1,   0,   0,   3,   1,   0,  -1,  -4,  -4,  -4,  -6,  -4,  -6, -28, -50, -52, -54, -56, -59, -65, -67, -71, -72, -73, -75, -75, -76, -75, -78, -78, -79, -81, -82, -84, -85, -81, -89, -87, -87, -88
-37, -36, -37, -35, -37, -34, -32, -31, -31, -30, -30, -25, -26, -24, -22, -21, -20, -17, -14, -13, -12, -10,  -9,  -8,  -7,  -6,  -6,  -3,  -4,  -2,  -4,   0,   0,   1,   0,   2,   5,   0,   3,   1,   2,   3,   1,   1,   2,   0,   1,   0,  -1,  -2,  -3,  -4, -27, -46, -46, -47, -55, -55, -58, -64, -68, -78, -75, -79, -77, -75, -80, -81, -79, -81, -80, -84, -84, -85, -84, -85, -87, -86, -86, -87
-37, -36, -36, -36, -35, -34, -30, -32, -30, -30, -26, -24, -23, -22, -21, -21, -16, -16, -14, -13,  -9,  -9,  -9,  -4,  -4,  -2,  -1,  -2,   0,   0,   0,   1,   5,   0,   2,   4,   4,   5,   5,   2,   7,   3,   4,   3,   4,   0,   0,   1,   2,   0,   0, -14, -47, -47, -45, -46, -49, -52, -59, -62, -67, -77, -79, -81, -80, -83, -85, -82, -83, -83, -83, -84, -84, -85, -85, -86, -87, -87, -87, -89
-38, -36, -36, -35, -33, -34, -30, -29, -29, -29, -25, -24, -24, -21, -20, -17, -13, -13, -14, -11,  -9,  -7,  -6,  -5,  -2,  -3,  -1,   1,   2,   2,   2,   4,   4,   5,   5,   5,   4,   6,   6,   6,   5,   6,   4,   2,   6,   2,   2,   0,   0,   2,  -2, -45, -47, -47, -46, -48, -47, -47, -52, -56, -63, -68, -83, -81, -85, -86, -84, -84, -85, -85, -84, -86, -85, -87, -88, -88, -91, -92, -92, -91
-36, -37, -36, -34, -33, -32, -29, -30, -26, -25, -23, -23, -23, -20, -14, -14, -15, -12, -10, -10,  -8,  -6,  -4,  -1,  -2,   2,   2,   2,   0,   3,   4,   5,   6,   7,   6,   5,   9,   6,   9,   9,   4,   7,   5,   6,   8,   7,   4,   4,   2,  -1, -42, -46, -49, -45, -47, -46, -47, -47, -51, -54, -61, -69, -86, -86, -90, -87, -89, -89, -88, -87, -86, -86, -89, -89, -87, -89, -90, -91, -91, -91
-35, -35, -36, -34, -35, -32, -30, -28, -27, -24, -23, -19, -17, -17, -16, -14, -13, -10,  -8,  -8,  -6,  -5,  -2,  -1,  -1,   3,   3,   2,   6,   7,   7,   6,   8,   9,   8,   6,   8,   7,   8,   8,   7,   8,   7,   5,   7,   4,   5,   3,   1, -34, -49, -45, -48, -47, -44, -45, -43, -46, -50, -54, -56, -67, -86, -88, -87, -90, -89, -89, -89, -89, -89, -89, -90, -90, -90, -89, -90, -93, -90, -93
-37, -36, -35, -35, -31, -29, -29, -26, -27, -25, -20, -22, -18, -18, -15, -12, -12,  -9,  -9,  -8,  -5,  -2,   0,   0,   2,   4,   2,   5,   3,   8,   9,   7,   9,   8,  12,  11,  10,  10,  12,   8,  10,   9,   9,   8,   6,   8,   5,   6,   2, -43, -50, -47, -50, -45, -45, -43, -45, -47, -47, -54, -53, -62, -77, -93, -91, -92, -92, -90, -88, -91, -88, -91, -92, -92, -92, -91, -92, -95, -96, -92
-36, -33, -33, -30, -32, -28, -29, -27, -24, -22, -20, -19, -17, -16, -12, -14,  -9,  -8,  -6,  -5,  -2,  -1,   1,   1,   3,   3,   6,   6,   6,   8,   8,  10,   9,  13,  11,  12,  13,  12,  12,  11,  10,  13,  11,  10,   6,   8,   8,   7, -43, -44, -50, -49, -48, -49, -46, -46, -43, -43, -48, -53, -60, -64, -76, -92, -90, -90, -93, -92, -89, -91, -89, -93, -91, -91, -94, -94, -94, -96, -95, -94
-33, -35, -32, -33, -29, -29, -29, -27, -24, -21, -17, -18, -16, -14, -14, -11,  -7,  -6,  -5,  -2,  -1,   1,   0,   4,   2,   5,   9,  10,   7,  12,  11,  11,  10,  12,  10,  12,  10,  12,  12,  14,  11,  14,  12,  12,  11,  10,   9, -33, -46, -46, -50, -47, -51, -49, -46, -44, -50, -44, -47, -52, -61, -62, -72, -93, -91, -91, -91, -92, -89, -92, -93, -92, -92, -92, -92, -93, -92, -96, -96, -94
-32, -34, -33, -32, -27, -28, -24, -25, -24, -18, -17, -14, -13, -13,  -8, -10,  -6,  -4,  -5,   0,  -3,  -2,   5,   3,   6,   7,   7,   8,   9,  11,  13,  12,  12,  12,  13,  14,  14,  13,  13,  16,  15,  14,  14,  13,  14,  12,   5, -43, -47, -44, -45, -50, -50, -49, -45, -47, -46, -41, -44, -48, -63, -67, -72, -93, -91, -91, -91, -93, -89, -91, -90, -90, -91, -93, -94, -91, -95, -93, -96, -96
-34, -31, -32, -29, -27, -27, -26, -25, -21, -19, -17, -15, -13, -11, -11,  -8,  -3,  -5,  -2,  -1,   0,   3,   4,   9,   6,   8,   9,   9,  12,  11,  14,  16,  14,  15,  14,  14,  17,  16,  16,  16,  15,  14,  13,  13,  14,  10, -40, -41, -44, -50, -49, -52, -54, -52, -50, -48, -46, -44, -46, -47, -58, -71, -79, -93, -92, -92, -91, -92, -91, -91, -92, -94, -92, -94, -94, -94, -92, -92, -94, -94
-34, -33, -31, -29, -28, -26, -23, -24, -22, -18, -16, -15, -12, -12,  -9,  -4,  -4,   0,   2,  -1,   2,   3,   3,   8,   9,   9,  10,  11,  13,  13,  13,  12,  14,  15,  16,  18,  16,  16,  17,  20,  16,  14,  16,  14,  15, -28, -40, -43, -45, -47, -53, -55, -60, -55, -52, -45, -44, -44, -47, -54, -68, -72, -81, -89, -92, -93, -90, -89, -93, -90, -93, -90, -90, -89, -92, -91, -93, -94, -94, -95
-35, -33, -30, -28, -27, -24, -25, -20, -20, -17, -15, -14, -10,  -9,  -8,  -5,  -4,  -3,  -1,   2,   5,   6,   4,   8,  11,  10,  12,  12,  17,  14,  15,  15,  17,  18,  17,  15,  18,  15,  16,  20,  18,  17,  17,  17,  13, -36, -42, -39, -43, -52, -57, -63, -60, -63, -61, -52, -53, -55, -53, -63, -70, -76, -83, -86, -86, -89, -88, -91, -89, -91, -91, -91, -91, -91, -92, -93, -91, -95, -92, -94
-32, -33, -30, -29, -28, -25, -20, -20, -18, -16, -14, -12,  -9,  -9,  -6,  -3,  -4,  -1,   1,   0,   5,   5,   6,   8,  10,  11,  13,  13,  14,  15,  15,  17,  18,  20,  17,  18,  21,  17,  20,  18,  19,  20,  17,  16, -35, -39, -40, -44, -45, -52, -62, -64, -62, -66, -63, -57, -56, -59, -66, -66, -71, -76, -86, -87, -83, -56, -63, -88, -89, -92, -92, -90, -92, -92, -90, -93, -93, -91, -94, -95
-33, -32, -32, -28, -26, -25, -22, -20, -17, -13, -13, -11, -10,  -8,  -6,  -6,  -3,   2,   2,   0,   6,   6,   8,   9,  10,  13,  13,  15,  17,  17,  17,  18,  17,  20,  22,  20,  18,  20,  20,  21,  20,  19,  17, -11, -39, -37, -37, -41, -49, -57, -64, -64, -65, -65, -65, -64, -60, -63, -64, -63, -67, -82, -86, -80, -65, -69, -70, -78, -89, -91, -93, -92, -93, -94, -97, -94, -92, -92, -94, -94
-32, -30, -29, -26, -25, -24, -23, -18, -16, -15, -12, -10, -11,  -5,  -4,  -1,  -2,   1,   3,   6,   6,   8,   9,  10,  13,  14,  14,  14,  16,  18,  18,  20,  20,  19,  22,  23,  22,  22,  22,  24,  22,  20,  15, -34, -36, -37, -39, -44, -49, -57, -71, -66, -70, -71, -68, -67, -65, -65, -65, -66, -70, -82, -88, -72, -59, -58, -54, -59, -83, -89, -89, -90, -89, -91, -89, -89, -91, -91, -95, -92
-31, -30, -26, -27, -24, -23, -20, -18, -14, -14, -14, -11,  -8,  -4,  -5,  -2,   1,   1,   6,   6,   9,  10,   9,  11,  13,  12,  14,  17,  19,  18,  20,  18,  21,  21,  21,  25,  23,  26,  19,  23,  22,  21, -32, -34, -35, -36, -42, -49, -57, -69, -78, -82, -69, -68, -65, -66, -64, -66, -67, -66, -71, -77, -89, -64, -63, -60, -64, -77, -75, -88, -88, -87, -86, -89, -90, -89, -91, -91, -91, -94
-30, -28, -27, -25, -25, -22, -22, -16, -17, -13, -11,  -5,  -6,  -2,  -2,   0,   4,   3,   4,   6,   6,   7,   8,  11,  14,  15,  17,  17,  18,  22,  18,  22,  21,  26,  24,  24,  24,  27,  24,  25,  21,  14, -35, -32, -31, -36, -40, -44, -48, -49, -50, -57, -72, -74, -65, -66, -64, -64, -68, -67, -71, -79, -77, -67, -66, -76, -85, -85, -81, -86, -84, -85, -85, -85, -89, -87, -90, -87, -90, -88
-30, -28, -27, -26, -25, -22, -19, -17, -15, -14, -11,  -9,  -6,  -4,  -4,  -1,   2,   1,   4,   8,  10,  12,  12,  11,  14,  16,  17,  18,  20,  20,  21,  19,  23,  23,  24,  23,  25,  29,  24,  24,  18,  11, -33, -28, -28, -36, -54, -55, -57, -70, -76, -81, -81, -86, -72, -64, -66, -64, -70, -69, -69, -72, -78, -72, -78, -87, -84, -82, -81, -83, -83, -83, -84, -85, -84, -86, -85, -86, -89, -90
-31, -29, -27, -25, -23, -22, -20, -17, -15, -12, -10,  -8,  -4,  -4,  -2,   0,   5,   3,   4,   4,   9,   9,  11,  13,  13,  16,  22,  19,  17,  20,  24,  21,  22,  24,  26,  26,  26,  26,  24,  21,  14,   7, -31, -25, -30, -37, -57, -61, -74, -85, -86, -89, -88, -89, -85, -66, -67, -67, -73, -74, -72, -73, -82, -79, -83, -87, -78, -78, -79, -80, -82, -80, -81, -79, -82, -84, -84, -83, -84, -89
-32, -28, -28, -25, -23, -20, -19, -16, -15, -14, -10,  -7,  -6,  -4,  -4,   1,   3,   2,   4,   8,  13,  13,  13,  15,  13,  18,  18,  20,  20,  22,  21,  24,  23,  26,  27,  23,  26,  24,  21,  16,  11, -29, -27, -23, -29, -37, -45, -40, -75, -78, -83, -84, -83, -84, -87, -69, -67, -69, -76, -72, -75, -75, -86, -88, -87, -76, -75, -72, -75, -78, -77, -75, -80, -79, -80, -77, -79, -80, -83, -82
-31, -27, -27, -26, -24, -20, -18, -15, -16, -11,  -7,  -6,  -4,  -2,  -2,   1,   3,   6,   4,   6,  12,  11,  15,  14,  16,  17,  18,  23,  24,  21,  24,  25,  26,  26,  27,  27,  28,  24,  18,  18,  11, -30, -22, -29, -33, -40, -47, -62, -67, -66, -68, -75, -75, -79, -81, -68, -71, -70, -73, -74, -77, -75, -86, -82, -71, -66, -68, -68, -66, -67, -74, -71, -72, -73, -77, -78, -78, -78, -79, -79
-31, -29, -27, -25, -25, -21, -19, -15, -13, -10, -10,  -6,  -5,  -2,   0,   2,   5,   6,   7,   6,  10,  11,  14,  15,  14,  17,  17,  22,  19,  22,  24,  25,  28,  28,  27,  26,  24,  24,  19,  17,   8, -26, -20, -23, -34, -44, -51, -62, -44, -48, -61, -66, -74, -79, -57, -66, -67, -73, -78, -78, -75, -75, -82, -72, -69, -66, -62, -59, -58, -60, -63, -62, -69, -65, -70, -71, -72, -76, -78, -80
-29, -27, -25, -23, -22, -22, -18, -16, -13, -10,  -8,  -6,  -1,  -3,   0,   3,   6,   7,   7,  10,   9,  12,  15,  17,  14,  18,  21,  20,  24,  20,  23,  26,  23,  24,  26,  23,  24,  19,  15,  12, -15, -25, -18, -22, -32, -59, -57, -42, -51, -61, -65, -72, -81, -64, -57, -70, -69, -69, -75, -80, -76, -76, -71, -74, -66, -62, -59, -56, -53, -52, -55, -57, -56, -59, -64, -64, -64, -68, -70, -73
-30, -29, -25, -26, -22, -22, -17, -14, -14, -11, -11,  -5,  -3,  -3,   1,   0,   2,   5,   5,   9,   9,  12,  14,  15,  16,  19,  21,  23,  23,  24,  23,  26,  29,  28,  27,  25,  19,  18,  15,  14, -27, -18, -23, -26, -34, -50, -59, -61, -59, -70, -74, -67, -82, -75, -64, -59, -64, -72, -76, -81, -82, -78, -68, -66, -62, -59, -55, -52, -47, -49, -47, -48, -48, -52, -52, -58, -62, -63, -64, -68
-29, -29, -27, -23, -22, -18, -18, -14, -13, -12, -10,  -5,  -7,  -2,  -1,   0,   3,   7,   7,  10,   9,  12,  14,  15,  18,  19,  20,  23,  23,  25,  23,  25,  25,  28,  24,  20,  16,  15,  15,  13, -25, -18, -19, -29, -37, -52, -57, -69, -66, -38, -32, -44, -59, -80, -76, -71, -64, -71, -80, -82, -81, -79, -62, -62, -59, -52, -48, -44, -44, -41, -44, -43, -45, -47, -49, -50, -53, -55, -61, -63
-29, -27, -26, -26, -21, -19, -19, -14, -13, -12,  -9,  -5,  -2,  -3,  -2,   3,   4,   4,   6,   9,  10,  10,  12,  14,  17,  18,  19,  20,  23,  21,  23,  24,  26,  22,  21,  22,  15,  17,  14,  13, -22, -21, -26, -35, -40, -52, -14, -67, -47, -34, -35, -38, -55, -65, -49, -53, -65, -75, -79, -82, -79, -80, -66, -55, -57, -50, -47, -44, -39, -38, -37, -38, -39, -41, -43, -45, -46, -53, -53, -58
-29, -28, -26, -23, -23, -19, -17, -14, -13, -12,  -9,  -5,  -3,  -1,   1,   2,   4,   4,   7,   9,   9,  12,  14,  13,  15,  19,  20,  19,  21,  20,  23,  26,  25,  20,  19,  17,  15,  14,  16,   3, -21, -24, -31, -39, -48, -50,   0, -56, -45, -41, -31, -34, -48, -66, -41, -41, -66, -72, -80, -82, -78, -75, -57, -52, -52, -51, -40, -42, -39, -34, -34, -36, -35, -36, -41, -41, -45, -45, -49, -52
-30, -27, -27, -25, -24, -20, -18, -15, -11, -11,  -7,  -7,  -4,  -1,   0,   4,   5,   6,   3,   8,  11,  10,  13,  14,  16,  17,  17,  19,  22,  23,  23,  23,  23,  19,  15,  14,  14,  16,  11, -23, -23, -32, -41, -46, -52,   2,   2,  -8, -50, -39, -35, -32, -46, -62, -40, -43, -46, -66, -62, -63, -66, -67, -53, -52, -50, -52, -44, -40, -40, -35, -33, -33, -34, -34, -34, -41, -41, -45, -48, -49
-31, -28, -27, -23, -20, -18, -15, -15, -15, -10,  -9,  -6,  -4,  -3,  -1,   0,   3,   3,   6,  10,   9,  11,  14,  14,  18,  18,  18,  20,  20,  23,  21,  21,  20,  16,  17,  13,  14,  12,  12, -22, -24, -33, -45, -56, -45,   2,   1,  -6, -22, -48, -45, -36, -45, -59, -50, -37, -38, -66, -57, -62, -65, -68, -50, -51, -50, -47, -48, -41, -40, -34, -34, -32, -33, -33, -36, -37, -39, -41, -47, -48
-30, -25, -28, -22, -22, -19, -18, -14, -14, -11,  -6,  -5,  -5,  -2,   0,   1,   4,   3,   6,   6,   9,  10,  13,  14,  14,  18,  18,  20,  21,  20,  19,  21,  17,  15,  12,  12,  13,  12,  -5, -21, -27, -37, -47, -51,   3,   4,   0,  -7, -18, -50, -40, -39, -38, -61, -67, -35, -35, -39, -62, -59, -64, -70, -46, -50, -47, -47, -48, -43, -41, -37, -31, -30, -34, -34, -37, -38, -40, -41, -39, -45
-32, -30, -27, -25, -24, -20, -17, -15, -12, -14, -10,  -7,  -5,  -5,   0,   1,   2,   4,   5,   7,   7,  12,  14,  13,  15,  17,  19,  16,  20,  20,  17,  15,  13,  12,  11,  11,  14,  11, -25, -21, -35, -42, -52, -39,   3,   5,   0,  -9, -18, -28, -46, -38, -37, -46, -56, -32, -35, -36, -39, -53, -57, -44, -45, -44, -47, -43, -44, -44, -40, -36, -34, -31, -32, -33, -34, -38, -39, -41, -41, -46
-32, -30, -26, -26, -24, -21, -19, -14, -15, -13, -12,  -8,  -6,  -3,  -3,   1,   2,   3,   2,   9,   6,   9,  12,  11,  13,  14,  17,  16,  19,  17,  15,  12,  11,  11,   8,  11,   9,   6, -23, -26, -40, -50, -54,   5,   5,   4,  -1,  -7, -16, -23, -46, -38, -38, -39, -55, -32, -31, -35, -37, -36, -43, -40, -41, -45, -45, -47, -47, -44, -41, -40, -35, -30, -32, -31, -34, -34, -38, -38, -41, -42
-29, -29, -28, -27, -25, -20, -21, -17, -15, -14, -11,  -9,  -6,  -3,  -1,   1,   1,   0,   3,   7,   8,   6,   9,  11,  15,  16,  16,  18,  16,  17,  13,  11,  13,   9,  10,   8,   9, -26, -30, -40, -49, -53, -17,   6,   4,   3,  -3,  -8, -17, -19, -41, -39, -37, -40, -47, -32, -32, -33, -34, -37, -39, -43, -43, -42, -43, -41, -44, -43, -43, -36, -35, -35, -32, -31, -33, -35, -35, -39, -39, -40
-31, -27, -29, -27, -26, -20, -20, -17, -14, -12, -10, -10,  -5,  -3,  -3,  -1,  -1,   2,   6,   5,   7,   8,  12,  11,  10,  12,  13,  16,  13,  14,  13,  11,   8,   9,  10,   7,   5, -27, -42, -50, -57, -52,   6,   6,   3,   1,  -5,  -7, -13, -19, -28, -43, -39, -42, -51, -45, -32, -32, -36, -35, -37, -39, -41, -43, -40, -43, -37, -39, -42, -39, -38, -36, -32, -33, -33, -33, -36, -38, -41, -41
-35, -32, -27, -27, -23, -22, -20, -19, -16, -12, -12, -10,  -9,  -7,  -6,   0,   2,   4,   4,   4,   6,   5,   8,   9,  14,  13,  14,  12,  11,   9,  12,  11,   7,   6,   9,   7, -27, -33, -44, -60, -60,   2,   5,   5,   1,  -3,  -4,  -9, -12, -17, -21, -48, -44, -44, -49, -57, -30, -31, -35, -35, -36, -39, -42, -40, -40, -36, -36, -37, -38, -34, -37, -36, -34, -34, -33, -36, -38, -37, -41, -40
-34, -30, -29, -27, -25, -23, -21, -20, -17, -14, -12, -11,  -7,  -5,  -5,  -2,  -3,  -2,   2,   4,   5,   5,   8,   6,  10,  11,  14,  12,  12,   9,   8,   5,   4,   6,   5,  -2, -34, -40, -53, -58, -43,   5,   3,   2,   1,  -1,  -3,  -8, -11, -15, -19, -47, -41, -50, -57, -57, -29, -29, -27, -31, -35, -40, -41, -41, -39, -36, -35, -35, -34, -36, -34, -35, -32, -35, -34, -35, -34, -36, -38, -40
-34, -30, -28, -28, -25, -25, -22, -20, -19, -15, -13, -12,  -7,  -6,  -7,  -5,   0,  -1,   1,   4,   3,   9,   6,   6,   9,   9,  11,   9,   8,   5,   7,   6,   4,   3,   2, -33, -43, -55, -61, -55,   4,   3,   5,   3,  -1,   0,  -1,  -6, -11, -14, -18, -41, -43, -45, -49, -57, -28, -27, -29, -31, -32, -39, -39, -38, -36, -35, -34, -33, -33, -33, -33, -32, -34, -34, -35, -34, -34, -37, -40, -40
-32, -32, -30, -28, -25, -26, -23, -21, -16, -18, -13, -14, -11,  -9,  -6,  -5,  -3,  -2,  -1,   1,   1,   3,   5,   7,   7,   7,   9,  10,   9,   7,   8,   4,   5,   5,   3, -40, -51, -59, -61,   0,   2,   0,   2,   2,   2,   2,  -3,  -5,  -9, -14, -19, -42, -45, -51, -53, -56, -28, -25, -25, -28, -30, -37, -37, -39, -35, -35, -33, -33, -30, -31, -32, -33, -33, -36, -32, -34, -37, -38, -41, -42
-34, -32, -30, -29, -27, -26, -22, -22, -20, -16, -13, -15,  -9,  -9,  -8,  -5,  -5,  -4,  -2,   1,   2,   5,   3,   4,   5,   7,   5,   6,   5,   5,   3,   0,  -1,   3,   3, -51, -62, -61,  -2,   0,   0,   4,   0,   2,  -1,   0,  -3,  -7, -11, -17, -17, -28, -47, -56, -55, -56, -31, -27, -25, -27, -28, -34, -37, -41, -37, -33, -33, -31, -31, -29, -31, -31, -33, -33, -34, -37, -38, -40, -39, -41
-34, -31, -30, -29, -27, -27, -23, -23, -19, -20, -14, -16, -13, -10,  -9,  -5,  -5,  -2,  -3,   0,  -2,   2,   3,   2,   4,   5,   4,   1,   2,   2,   1,   2,   1,   0,   0,   1,   1,   2,   5,   4,   1,   1,   4,  -1,   0,  -3,  -2, -11, -13, -17, -18, -21, -46, -51, -60, -57, -32, -27, -26, -26, -28, -30, -36, -38, -36, -34, -32, -31, -30, -31, -31, -32, -30, -35, -36, -35, -39, -39, -41, -43
-34, -33, -31, -31, -29, -28, -24, -23, -20, -20, -18, -14, -14, -12, -10,  -6,  -6,  -4,  -1,  -1,   0,   2,   0,   2,   2,   3,   4,   1,  -1,   0,  -2,   0,   2,   0,   2,   3,   2,   3,   3,   0,  -1,  -2,   0,   2,  -1,  -4, -10, -10, -13, -18, -18, -18, -45, -56, -57, -65, -30, -28, -25, -24, -28, -29, -33, -38, -38, -33, -31, -32, -31, -31, -30, -34, -31, -34, -36, -37, -38, -40, -42, -47
-37, -35, -33, -29, -29, -29, -26, -27, -22, -21, -18, -16, -12, -13, -10,  -9,  -7,  -6,  -5,  -3,  -2,   0,   3,   0,   2,   3,  -1,  -2,  -2,  -1,  -2,  -2,  -1,   0,   2,   4,   4,   3,   1,   1,  -1,  -1,  -3,   0,  -4,  -7,  -8, -14, -16, -18, -18, -19, -47, -58, -62, -64, -31, -32, -26, -23, -24, -27, -29, -34, -34, -35, -30, -30, -31, -29, -31, -31, -34, -34, -36, -37, -39, -40, -41, -45
-35, -33, -33, -33, -31, -27, -27, -26, -25, -20, -20, -17, -13, -15, -12, -12,  -8,  -9,  -4,  -5,  -5,  -4,  -1,  -4,  -1,   2,  -3,   0,  -5,  -4,  -1,  -1,   2,   3,   6,   4,   3,   2,   0,  -1,  -4,  -1,  -1,  -3,  -3,  -6,  -6, -14, -18, -17, -19, -18, -21, -67, -63, -27, -29, -31, -29, -25, -24, -24, -28, -31, -33, -34, -34, -30, -30, -31, -33, -33, -32, -34, -36, -38, -40, -41, -44, -46
-38, -37, -33, -33, -31, -32, -29, -27, -26, -22, -19, -22, -14, -15, -13, -14, -10,  -8,  -8,  -8,  -4,  -4,   0,  -1,   0,  -2,  -5,  -4,  -4,  -6,  -5,  -2,   1,   4,   1,   2,   2,   0,  -3,  -1,  -5,  -7,  -5,  -5,  -5,  -8, -11, -13, -18, -19, -17, -18, -17, -15, -21, -24, -30, -32, -29, -26, -23, -24, -25, -28, -31, -32, -33, -32, -31, -32, -33, -33, -34, -34, -37, -39, -44, -42, -44, -47
-36, -34, -35, -35, -35, -32, -28, -26, -26, -25, -22, -20, -16, -17, -15, -16, -11, -11,  -9,  -6,  -7,  -5,  -2,  -2,  -1,  -5,  -3,  -7,  -9,  -7,  -5,  -1,   2,   5,   1,   1,  -1,  -1,  -3,  -6,  -7,  -6,  -5,  -6,  -8, -10, -13, -18, -17, -18, -15, -16, -16, -17, -18, -24, -29, -30, -31, -27, -24, -23, -24, -27, -29, -30, -31, -31, -31, -32, -33, -37, -34, -38, -39, -41, -41, -44, -44, -46
-38, -39, -36, -35, -32, -30, -30, -30, -27, -25, -22, -20, -19, -19, -16, -15, -13, -12, -10,  -8,  -8,  -5,  -4,  -3,  -4,  -4,  -7,  -8,  -9,  -8,  -4,   0,   0,   2,  -1,  -1,   0,  -3,  -5,  -6,  -7,  -9,  -9, -10,  -9, -14, -15, -16, -18, -15, -18, -16, -15, -14, -16, -22, -26, -32, -32, -28, -26, -25, -22, -25, -27, -31, -32, -33, -32, -34, -37, -35, -37, -37, -37, -40, -43, -45, -46, -48
-38, -38, -36, -34, -36, -34, -30, -29, -27, -27, -25, -23, -21, -17, -18, -16, -16, -12, -12, -10,  -9,  -7,  -6,  -7,  -6, -10,  -7, -10,  -8,  -6,  -3,  -2,   0,  -1,   0,  -3,  -3,  -4,  -4,  -8,  -5,  -9,  -9, -14, -13, -14, -15, -16, -16, -18, -15, -16, -15, -16, -16, -21, -25, -32, -32, -32, -28, -26, -25, -25, -28, -29, -30, -33, -33, -35, -34, -35, -38, -38, -41, -42, -45, -45, -47, -52
-39, -40, -39, -38, -36, -34, -35, -31, -27, -27, -26, -22, -22, -22, -20, -19, -16, -13, -15, -13, -11, -12, -10,  -7,  -8, -11,  -9, -11,  -8,  -8,  -4,  -1,  -1,  -1,  -2,  -6,  -5,  -4,  -8, -10,  -9, -11, -10, -14, -14, -16, -17, -19, -18, -15, -19, -17, -15, -14, -14, -22, -24, -31, -33, -32, -32, -25, -28, -28, -27, -31, -33, -30, -35, -34, -35, -35, -37, -39, -42, -44, -43, -48, -49, -51
-39, -39, -36, -38, -35, -34, -34, -30, -30, -29, -27, -27, -23, -24, -21, -20, -17, -16, -16, -14, -12, -12, -12, -12, -10, -13, -10, -13,  -8,  -5,  -6,  -4,  -2,  -4,  -4,  -6,  -4,  -6,  -7,  -9, -11,  -9, -12, -12, -15, -18, -19, -18, -18, -16, -17, -18, -15, -17, -17, -19, -26, -29, -34, -34, -31, -26, -28, -28, -28, -32, -32, -33, -33, -38, -38, -36, -40, -41, -43, -44, -48, -47, -51, -51
-39, -39, -41, -39, -38, -36, -33, -34, -33, -29, -28, -27, -27, -24, -23, -20, -19, -19, -17, -17, -16, -13, -13, -12, -12, -13, -12,  -9,  -5,  -6,  -6,  -7,  -6,  -4,  -5,  -8,  -7, -10, -10, -11, -12, -10, -12, -13, -14, -16, -17, -16, -18, -18, -18, -16, -17, -17, -16, -19, -22, -32, -34, -34, -32, -29, -29, -29, -29, -31, -31, -35, -34, -39, -36, -39, -41, -44, -44, -45, -47, -51, -49, -55
-40, -40, -39, -39, -37, -38, -35, -34, -36, -33, -30, -28, -27, -26, -24, -22, -22, -19, -19, -17, -17, -17, -15, -15, -14, -13, -12, -11,  -9, -10,  -6,  -6,  -5,  -6,  -8,  -8, -10,  -9, -11, -12, -11, -11, -11, -13, -12, -15, -19, -16, -19, -16, -18, -16, -17, -19, -18, -18, -24, -28, -34, -34, -32, -33, -31, -32, -31, -32, -33, -35, -37, -38, -39, -42, -42, -41, -48, -46, -49, -52, -54, -55
-41, -38, -39, -40, -39, -41, -35, -35, -33, -32, -32, -29, -31, -27, -26, -25, -23, -21, -22, -18, -19, -16, -18, -15, -15, -15, -13, -12, -10, -10, -12, -10,  -7, -10, -10, -10, -11, -13, -13, -12, -13, -12, -12, -12, -14, -16, -17, -19, -18, -17, -16, -18, -20, -17, -20, -21, -26, -27, -30, -34, -33, -34, -31, -30, -30, -30, -32, -35, -38, -39, -39, -42, -43, -45, -48, -47, -52, -50, -55, -55
-44, -38, -40, -40, -39, -38, -37, -36, -32, -34, -31, -31, -29, -30, -27, -26, -23, -23, -22, -22, -21, -22, -18, -18, -15, -17, -13, -14, -13, -11, -12, -10, -10, -12, -12, -13, -12, -13, -15, -15, -14, -13, -13, -12, -13, -17, -20, -19, -19, -20, -18, -19, -17, -20, -21, -20, -23, -27, -31, -34, -34, -34, -34, -33, -34, -35, -36, -35, -39, -42, -40, -43, -44, -48, -49, -50, -53, -52, -55, -58
-41, -41, -41, -39, -42, -38, -39, -37, -36, -35, -35, -32, -32, -29, -29, -27, -27, -26, -24, -25, -22, -24, -20, -18, -17, -17, -17, -16, -16, -14, -12, -12, -12, -13, -15, -15, -15, -17, -17, -14, -13, -12, -15, -17, -16, -17, -19, -17, -19, -18, -19, -22, -21, -22, -23, -22, -26, -29, -28, -31, -34, -32, -35, -34, -36, -36, -35, -37, -38, -41, -42, -42, -45, -48, -49, -52, -52, -53, -55, -58
-42, -41, -41, -40, -40, -40, -39, -38, -36, -36, -35, -35, -31, -34, -31, -32, -27, -26, -25, -26, -23, -23, -23, -23, -21, -19, -20, -18, -15, -18, -16, -14, -14, -13, -15, -17, -16, -17, -14, -17, -14, -16, -16, -17, -16, -17, -18, -17, -20, -22, -19, -22, -21, -23, -23, -25, -26, -29, -31, -34, -34, -38, -36, -36, -36, -38, -40, -41, -43, -45, -47, -48, -47, -49, -51, -52, -53, -55, -58, -61
-45, -41, -41, -44, -44, -40, -39, -38, -37, -35, -38, -36, -33, -33, -32, -31, -32, -27, -28, -26, -26, -23, -23, -21, -21, -22, -20, -20, -18, -20, -18, -18, -19, -15, -18, -20, -19, -15, -14, -16, -16, -18, -17, -17, -18, -20, -19, -20, -21, -24, -23, -23, -23, -24, -27, -26, -27, -31, -32, -35, -34, -38, -37, -37, -40, -38, -43, -41, -41, -43, -46, -48, -51, -49, -54, -53, -54, -57, -58, -57
-46, -42, -42, -41, -41, -44, -40, -39, -40, -39, -36, -34, -34, -35, -34, -32, -31, -30, -31, -28, -29, -27, -25, -26, -23, -23, -23, -21, -19, -22, -22, -19, -18, -19, -19, -20, -20, -19, -18, -17, -19, -20, -18, -19, -21, -20, -21, -20, -23, -24, -24, -26, -27, -26, -28, -29, -30, -31, -34, -35, -35, -35, -38, -39, -41, -42, -42, -41, -44, -44, -48, -51, -50, -51, -54, -55, -57, -55, -56, -62